[ -538.10871602   479.07702306  -693.64137021   456.55375811
  -372.77345344   482.16591398  -182.06360172   455.65092253
     8.49570934   483.49782288   117.19562097   383.45451592
   -61.73947551   426.67594302   -76.14523459   332.93987399
   309.43716023   341.61076841   175.05869774  -464.39845568
   385.75076055   164.90374335   546.63928424  -465.57161434
   245.2433464    112.86849216   455.0647934    267.00664336
   354.41023107  -475.28424463  -194.66522707  -435.52046978
  -351.69718042  -769.87749245  -160.7187653   -764.44158738
    34.25742033 -1011.31155651  -486.78266297    75.37957096
    71.90666134   729.32093104  -483.68714352    70.57125324
   -78.80692201   675.41192298  -452.56763055    72.01971034
   110.7540293    536.96329699  -433.07022539    97.35937758
   108.79372839   436.5380139   -416.00991173   102.24491081
    62.2268272    235.09254076  -427.89659264    37.47844488
    54.55020239   335.10705509  -410.26731706   -17.72957719
    61.33546828   264.88412676  -385.96826614    85.05334352
    67.55616704   163.60805173  -370.94339415    94.38408627
    76.94540143   109.48611293  -314.73009589    72.23743318
    50.92383777  -267.81430401  -264.05981843    81.38713625
   -90.2361856   -304.85209489  -288.68252175    62.00262968
    58.81725256  -429.59646777  -246.74286885    32.0235669
    57.37071694  -533.13334445  -263.84262697   -90.50277117
    92.80900816  -530.7806036   -175.93581995    93.03458979
    86.01709713  -863.77316442]